# id	left	top	right	bottom	texture_id
[SPRITES]
#####  BIG ###############
#IDLE
11121	197	48	210	74	0
11111	197	78	210	104	0

#WALKING RIGHT
11222	214	48	229	74	0
11223	233	49	248	74	0

#WALKING LEFT
11212	214	78	229	104	0
11213	233	79	248	104	0

#RUNNING RIGHT
11321	290	48	308	74	0
11322	312	48	330	74	0
11323	335	49	353	74	0

#RUNNING LEFT
11311	290	78	308	104	0
11312	312	78	330	104	0
11313	335	79	353	104	0

#JUMP WALK RIGHT
11417	271	49	286	74	0

#JUMP WALK LEFT
11413	271	79	286	104	0

#JUMP RUN RIGHT & LEFT
11427	357	49	375	74	0
11423	357	79	375	104	0

#SIT RIGHT & LEFT 
11521	379	57	392	74	0
11511	379	87	392	104	0

#BRACE RIGHT & LEFT 
11621	252	47	267	74	0
11611	252	77	267	104	0

#DIE
13001	416	8	431	23	0

############ SMALL ################
 #IDLE
12121	254	9	265	23	0
12111	254	29	265	43	0

#WALK RIGHT
12222	341	8	356	23	0
12223	269	8	283	23	0

#WALK LEFT
12212	341	28	356	43	0
12213	269	28	283	43	0

#RUN RIGHT
12321	341	8	356	23	0
12322	269	8	283	23	0
12323	323	8	338	23	0

#RUN LEFT
12311	341	28	356	43	0
12312	269	28	283	43	0
12313	323	28	338	43	0

#BRACE RIGHT & LEFT
12511	287	8	300	23	0
12521	287	28	300	43	0

#JUMP WALK RIGHT & LEFT 
12413	304	28	319	43	0
12417	304	8	319	23	0

#JUMP RUN RIGHT & LEFT 
12423	360	28	375	43	0
12427	360	8	375	23	0

# ani_id	sprite1_id	time1	sprite2_id	time2	...
[ANIMATIONS]
400	11121	100
401	11111	100

#WALKING RIGHT & LEFT 
500	11121	100	11222	100	11223	100
501	11111	100	11212	100	11213	100

#RUNNING RIGHT & LEFT
600	11321	50	11322	50	11323	50
601	11311	50	11312	50	11313	50

#JUMP WALK
700	11417	100
701	11413	100

#JUMP RUN
800	11427	100
801	11423	100

#SIT RIGHT & LEFT 
900	11521	100
901	11511	100

#BRACE RIGHT & LEFT 
1000	11621	100
1001	11611	100

#DIE
999	13001	100

################### SMALL #################
1100	12121	100
1102	12111	100


#WALK LEFT & RIGHT 
1200	12121	100	12222	100	12223	100
1201	12111	100	12212	100	12213	100

#RUN LEFT & RIGHT
1300	12321	100	12322	100	12323	100
1301	12311	100	12312	100	12313	100

#BRACE LEFT & RIGHT
1401	12511	100
1400	12521	100

#JUMP WALK
1500	12417	100
1501	12413	100

#JUMP RUN 
1601	12423	100
1600	12427	100