# list of object assets to load in this scene
[ASSETS]
mario.txt
cloud.txt
brick.txt
sprites.txt
goomba.txt
question-brick.txt
#
[OBJECTS]
# type	x	y	extra_settings per object type
# type: 0 = Mario , 1 = Brick, 2 = Goomba, 3 = Koopas
# See OBJECT_TYPE constants in AssetIDs.h

# TILE BACKGROUND
# cloud
6	96	32	16	16	4	51000	52000	53000
6	96	48	16	16	4	54000	55000	56000

6	304	16	16	16	3	51000	52000	53000
6	304	32	16	16	3	54000	55000	56000

6	624	32	16	16	3	51000	52000	53000
6	624	48	16	16	3	54000	55000	56000

6	704	64	16	16	5	51000	52000	53000
6	704	80	16	16	5	54000	55000	56000

6	1152	32	16	16	3	51000	52000	53000
6	1152	48	16	16	3	54000	55000	56000

6	1632	32	16	16	5	51000	52000	53000
6	1632	48	16	16	5	54000	55000	56000

6	2304	48	16	16	3	51000	52000	53000
6	2304	64	16	16	3	54000	55000	56000

# bush
# bush 1
6	17	112	16	16	1	181000	181000	181000
6	32	112	16	16	1	182000	182000	182000

6	1	128	16	16	1	181000	181000	181000
6	16	128	16	16	1	184000	184000	184000
6	32	128	16	16	1	186000	186000	186000
6	49	128	16	16	1	181000	181000	181000
6	64	128	16	16	1	182000	182000	182000
6	81	128	16	16	1	181000	181000	181000
6	96	128	16	16	1	182000	182000	182000


6	0	144	16	16	3	185000	183000	184000
6	48	144	16	16	3	187000	186000	185000
6	96	144	16	16	2	183000	183000	182000

6	0	160	16	16	5	185000	187000	183000
6	80	160	16	16	3	184000	187000	186000

# bush 2
6	865	96	15	16	2	181000	181000	182000

6	817	112	15	16	2	181000	181000	182000
6	849	112	15	16	2	181000	181000	184000
6	880	112	16	16	1	186000	186000	186000
6	897	112	15	16	2	181000	181000	182000
6	945	112	15	16	1	181000	181000	181000
6	960	112	15	16	1	182000	182000	182000

6	816	128	16	16	3	185000	183000	184000
6	864	128	16	16	3	183000	184000	187000
6	912	128	16	16	1	186000	186000	186000
6	944	128	16	16	3	185000	183000	182000

6	801	144	15	16	1	181000	181000	181000
6	816	144	16	16	7	184000	187000	186000
6	929	144	15	16	1	181000	181000	181000
6	944	144	16	16	3	184000	187000	186000

# bush 3
6	1889	128	16	16	1	181000	181000	181000
6	1904	128	16	16	1	182000	182000	182000

6	1888	144	16	16	3	185000	183000	182000

6	1873	160	16	16	1	181000	181000	181000
6	1888	160	16	16	3	184000	187000	186000

# bush 4
6	2385	48	16	16	1	181000	181000	181000
6	2400	48	16	16	1	182000	182000	182000

6	2384	64	16	16	3	185000	183000	182000

6	2384	80	16	16	3	185000	187000	186000

6	2369	96	16	16	1	181000	181000	181000
6	2384	96	16	16	3	184000	187000	186000

6	2353	112	16	16	1	181000	181000	181000
6	2368	112	16	16	4	184000	187000	186000

6	2352	128	16	16	5	185000	187000	186000

6	2352	144	16	16	5	185000	187000	183000
6	2432	144	16	16	1	182000	182000	182000

6	2352	160	16	16	6	185000	187000	186000

# sky
# flower
6	96	-208	16	16	1	61000	61000	61000
6	288	-160	16	16	1	61000	61000	61000
6	320	-208	16	16	1	61000	61000	61000
6	352	-176	16	16	1	61000	61000	61000
6	576	-192	16	16	1	61000	61000	61000
6	736	-224	16	16	1	61000	61000	61000
6	736	-192	16	16	1	61000	61000	61000
6	1088	-128	16	16	1	61000	61000	61000
6	1248	-192	16	16	1	61000	61000	61000
6	1344	-208	16	16	1	61000	61000	61000
6	1376	-96	16	16	1	61000	61000	61000
6	1440	-144	16	16	1	61000	61000	61000
6	1472	-160	16	16	1	61000	61000	61000
6	1600	-208	16	16	1	61000	61000	61000
6	1664	-176	16	16	1	61000	61000	61000
6	2208	-160	16	16	1	61000	61000	61000
6	2368	-240	16	16	1	61000	61000	61000
6	2400	-96	16	16	1	61000	61000	61000
6	2432	-240	16	16	1	61000	61000	61000

# star
6	208	-176	16	16	1	62000	62000	62000
6	272	-160	16	16	1	62000	62000	62000
6	592	-192	16	16	1	62000	62000	62000
6	656	-224	16	16	1	62000	62000	62000
6	784	-224	16	16	1	62000	62000	62000
6	1168	-112	16	16	1	62000	62000	62000
6	1488	-176	16	16	1	62000	62000	62000
6	1488	-144	16	16	1	62000	62000	62000
6	1936	-224	16	16	1	62000	62000	62000

# gear
6	240	-208	16	16	1	63000	63000	63000
6	240	-176	16	16	1	63000	63000	63000
6	816	-208	16	16	1	63000	63000	63000
6	944	-176	16	16	1	63000	63000	63000
6	1200	-112	16	16	1	63000	63000	63000
6	1712	-176	16	16	1	63000	63000	63000
6	1840	-160	16	16	1	63000	63000	63000
6	1904	-224	16	16	1	63000	63000	63000
6	1904	-96	16	16	1	63000	63000	63000
6	2096	-128	16	16	1	63000	63000	63000

# tree
6	144	160	16	16	3	191000	191000	191000
6	656	144	16	16	6	191000	191000	191000
6	1024	144	16	16	2	191000	191000	191000
6	1168	160	16	16	3	191000	191000	191000
6	1712	160	16	16	3	191000	191000	191000

# color boxes
# white
6	496	80	16	16	4	104000	105000	106000
6	512	96	16	16	3	105000	105000	106000
6	512	112	16	16	3	105000	105000	106000
6	512	128	16	16	3	105000	105000	106000

# blue
6	256	112	16	16	3	94000	95000	96000
6	272	128	16	16	2	95000	95000	96000
6	272	144	16	16	2	95000	95000	96000
6	272	160	16	16	2	98000	98000	99000

6	1312	96	16	16	7	94000	95000	96000
6	1392	112	16	16	2	95000	95000	96000
6	1392	128	16	16	2	95000	95000	96000
6	1392	144	16	16	2	95000	95000	96000
6	1392	160	16	16	2	98000	98000	99000

# orange
6	224	144	16	16	3	84000	85000	86000
6	224	160	16	16	3	87000	88000	89000

6	448	112	16	16	4	84000	85000	86000
6	464	128	16	16	3	85000	85000	86000
6	464	144	16	16	2	85000	85000	85000
6	464	160	16	16	2	88000	88000	88000

6	1296	-80	16	16	4	87000	88000	89000

6	1280	128	16	16	7	84000	85000	86000
6	1360	144	16	16	2	85000	85000	86000
6	1360	160	16	16	2	88000	88000	89000

6	2128	144	16	16	3	84000	85000	86000
6	2128	160	16	16	3	87000	88000	89000

# green
6	384	144	16	16	5	114000	115000	116000
6	384	160	16	16	5	117000	118000	119000

6	496	160	16	16	6	117000	118000	119000

6	1248	160	16	16	7	117000	118000	119000

6	2160	48	16	16	3	114000	115000	116000
6	2160	64	16	16	3	114000	115000	116000
6	2160	80	16	16	3	114000	115000	116000
6	2160	96	16	16	3	114000	115000	116000
6	2160	112	16	16	3	114000	115000	116000
6	2176	128	16	16	2	115000	115000	116000
6	2176	144	16	16	2	115000	115000	116000
6	2176	160	16	16	2	118000	118000	119000

# shader
6	272	128	16	16	1	121000	121000	121000
6	272	144	16	16	1	122000	122000	122000
6	272	160	16	16	1	122000	122000	122000

6	304	96	16	16	1	121000	121000	121000
6	304	112	16	16	1	122000	122000	122000
6	304	128	16	16	1	122000	122000	122000
6	304	144	16	16	1	122000	122000	122000
6	304	160	16	16	1	122000	122000	122000

6	464	128	16	16	1	121000	121000	121000
6	464	144	16	16	1	122000	122000	122000
6	464	160	16	16	1	122000	122000	122000

6	512	96	16	16	1	121000	121000	121000
6	512	112	16	16	1	122000	122000	122000
6	512	128	16	16	1	122000	122000	122000

6	560	64	16	16	1	121000	121000	121000
6	560	80	16	16	1	122000	122000	122000
6	560	96	16	16	1	122000	122000	122000
6	560	112	16	16	1	122000	122000	122000
6	560	128	16	16	1	122000	122000	122000

6	592	144	16	16	1	121000	121000	121000
6	592	160	16	16	1	122000	122000	122000

6	1360	144	16	16	1	121000	121000	121000
6	1360	160	16	16	1	122000	122000	122000

6	1392	112	16	16	1	121000	121000	121000
6	1392	128	16	16	1	122000	122000	122000
6	1392	144	16	16	1	122000	122000	122000
6	1392	160	16	16	1	122000	122000	122000

6	1360	-96	16	16	1	121000	121000	121000
6	1360	-80	16	16	1	122000	122000	122000
6	1296	-64	16	16	5	125000	124000	123000

6	1424	80	16	16	1	121000	121000	121000
6	1424	96	16	16	1	122000	122000	122000
6	1424	112	16	16	1	122000	122000	122000
6	1424	128	16	16	1	122000	122000	122000
6	1424	144	16	16	1	122000	122000	122000
6	1424	160	16	16	1	122000	122000	122000

6	2176	128	16	16	1	121000	121000	121000
6	2176	144	16	16	1	122000	122000	122000
6	2176	160	16	16	1	122000	122000	122000

6	2208	32	16	16	1	121000	121000	121000
6	2208	48	16	16	1	122000	122000	122000
6	2208	64	16	16	1	122000	122000	122000
6	2208	80	16	16	1	122000		122000	122000
6	2208	96	16	16	1	122000		122000	122000
6	2208	112	16	16	1	122000		122000	122000
6	2208	128	16	16	1	122000		122000	122000
6	2208	144	16	16	1	122000		122000	122000
6	2208	160	16	16	1	122000		122000	122000

# sky black
6	2464	-240	16	16	1	231000	231000	231000
6	2464	-224	16	16	1	231000	231000	231000
6	2464	-208	16	16	1	231000	231000	231000
6	2464	-192	16	16	1	231000	231000	231000
6	2464	-176	16	16	1	231000	231000	231000
6	2464	-160	16	16	1	231000	231000	231000
6	2464	-144	16	16	1	231000	231000	231000
6	2464	-128	16	16	1	231000	231000	231000
6	2464	-112	16	16	1	231000	231000	231000
6	2464	-96	16	16	1	231000	231000	231000
6	2464	-80	16	16	1	231000	231000	231000
6	2464	-64	16	16	1	231000	231000	231000
6	2464	-48	16	16	1	231000	231000	231000
6	2464	-32	16	16	1	231000	231000	231000
6	2464	-16	16	16	1	231000	231000	231000
6	2464	0	16	16	1	231000	231000	231000
6	2464	16	16	16	1	231000	231000	231000
6	2464	32	16	16	1	231000	231000	231000
6	2464	48	16	16	1	231000	231000	231000
6	2464	64	16	16	1	231000	231000	231000
6	2464	80	16	16	1	231000	231000	231000
6	2464	96	16	16	1	231000	231000	231000
6	2464	112	16	16	1	231000	231000	231000
6	2464	128	16	16	1	231000	231000	231000
6	2464	144	16	16	1	231000	231000	231000
6	2464	160	16	16	1	231000	231000	231000

# black
6	2480	-240	16	16	20	165000	165000	165000
6	2480	-224	16	16	20	165000	165000	165000
6	2480	-208	16	16	20	165000	165000	165000
6	2480	-192	16	16	20	165000	165000	165000
6	2480	-176	16	16	20	165000	165000	165000
6	2480	-160	16	16	20	165000	165000	165000
6	2480	-144	16	16	20	165000	165000	165000
6	2480	-128	16	16	20	165000	165000	165000
6	2480	-112	16	16	20	165000	165000	165000
6	2480	-96	16	16	20	165000	165000	165000
6	2480	-80	16	16	20	165000	165000	165000
6	2480	-64	16	16	20	165000	165000	165000
6	2480	-48	16	16	20	165000	165000	165000
6	2480	-32	16	16	20	165000	165000	165000
6	2480	-16	16	16	20	165000	165000	165000
6	2480	0	16	16	20	165000	165000	165000
6	2480	16	16	16	20	165000	165000	165000
6	2480	32	16	16	20	165000	165000	165000
6	2480	48	16	16	20	165000	165000	165000
6	2480	64	16	16	20	165000	165000	165000

6	2480	80	16	16	6	165000	165000	165000
6	2608	80	16	16	3	165000	165000	165000
6	2704	80	16	16	6	165000	165000	165000

6	2480	96	16	16	6	165000	165000	165000
6	2608	96	16	16	3	165000	165000	165000
6	2704	96	16	16	6	165000	165000	165000

6	2480	112	16	16	6	165000	165000	165000
6	2624	112	16	16	2	165000	165000	165000
6	2704	112	16	16	6	165000	165000	165000

6	2480	128	16	16	6	165000	165000	165000
6	2624	128	16	16	8	165000	165000	165000
6	2784	128	16	16	1	165000	165000	165000

6	2480	144	16	16	6	165000	165000	165000
6	2640	144	16	16	7	165000	165000	165000
6	2784	144	16	16	1	165000	165000	165000

6	2480	160	16	16	5	165000	165000	165000
6	2640	160	16	16	6	165000	165000	165000
6	2784	160	16	16	1	165000	165000	165000

6	-16	192	16	16	176	165000	165000	165000
6	-16	208	16	16	176	165000	165000	165000
6	-16	224	16	16	176	165000	165000	165000
6	-16	240	16	16	176	165000	165000	165000

# black bush
# bush 1
6	2576	80	16	16	2	171000	171000	172000
6	2576	96	16	16	2	173000	173000	174000
6	2576	112	16	16	3	173000	171000	172000
6	2576	128	16	16	3	173000	165000	174000
6	2576	144	16	16	3	173000	165000	171000
6	2624	144	16	16	1	172000	172000	172000
6	2560	160	16	16	3	171000	172000	165000
6	2608	160	16	16	2	165000	165000	174000

# bush 2
6	2752	128	16	16	2	171000	171000	172000
6	2752	144	16	16	2	173000	173000	174000
6	2736	160	16	16	3	171000	172000	174000

# black line
6	2656	80	16	16	3	161000	162000	163000
6	2656	96	16	16	3	164000	165000	166000
6	2656	112	16	16	3	167000	168000	169000

# RED FIRE PLANT
11	344	136

# GREEN FIRE PLANT
12	1848	132

# GREEN PLANT
14	1784	148

# PLATFORM
# ground
5	-16	176	16	16	39	201000	202000	203000

5	608	160	16	16	29	201000	202000	203000
5	608	176	16	16	29	204000	205000	206000

5	1136	176	16	16	22	201000	202000	203000

5	1520	176	16	16	5	201000	202000	203000

5	1648	176	16	16	36	201000	202000	203000

5	2240	176	16	16	35	201000	202000	203000

# green pine
5	336	128	16	16	2	251000	251000	252000
5	336	144	16	16	2	253000	253000	254000
5	336	160	16	16	2	253000	253000	254000

5	1776	144	16	16	2	251000	251000	252000
5	1776	160	16	16	2	253000	253000	254000

5	1840	128	16	16	2	251000	251000	252000
5	1840	144	16	16	2	253000	253000	254000
5	1840	160	16	16	2	253000	253000	254000

5	2304	144	16	16	2	251000	251000	252000
5	2304	160	16	16	2	253000	253000	254000

5	2240	144	16	16	2	253000	253000	254000
5	2240	160	16	16	2	253000	253000	254000

5	2240	-128	16	16	2	251000	251000	252000
5	2240	-112	16	16	2	253000	253000	254000
5	2240	-96	16	16	2	253000	253000	254000
5	2240	-80	16	16	2	253000	253000	254000
5	2240	-64	16	16	2	253000	253000	254000
5	2240	-48	16	16	2	253000	253000	254000
5	2240	-32	16	16	2	253000	253000	254000
5	2240	-16	16	16	2	253000	253000	254000
5	2240	0	16	16	2	253000	253000	254000
5	2240	16	16	16	2	253000	253000	254000
5	2240	32	16	16	2	253000	253000	254000
5	2240	48	16	16	2	253000	253000	254000

# wood
5	1488	96	16	16	2	70000	70000	70000

5	1584	128	16	16	1	70000	70000	70000
5	1568	144	16	16	2	70000	70000	70000
5	1552	160	16	16	3	70000	70000	70000

5	1648	128	16	16	1	70000	70000	70000
5	1648	144	16	16	2	70000	70000	70000
5	1648	160	16	16	3	70000	70000	70000

5	2240	64	16	16	2	70000	70000	70000
5	2240	128	16	16	2	70000	70000	70000

# brick
5	1968	128	16	16	4	211000	211000	211000
5	1952	144	16	16	5	211000	211000	211000
5	1936	160	16	16	7	211000	211000	211000

5	2080	144	16	16	1	211000	211000	211000
5	2080	160	16	16	2	211000	211000	211000

# cloud face
5	1392	-48	16	16	4	241000	241000	241000

5	1472	-64	16	16	13	241000	241000	241000

# COLOR BOX
# whte
8	496	64	101000
8	512	64	102000
8	528	64	102000
8	544	64	103000

# blue
8	256	96	91000
8	272	96	92000
8	288	96	93000

8	1312	80	91000
8	1328	80	92000
8	1344	80	92000
8	1360	80	92000
8	1376	80	92000
8	1392	80	92000
8	1408	80	93000

# orange
8	224	128	81000
8	240	128	82000
8	256	128	83000

8	448	96	81000
8	464	96	82000
8	480	96	82000
8	496	96	83000

8	1296	-96	81000
8	1312	-96	82000
8	1328	-96	82000
8	1344	-96	83000

8	1280	112	81000
8	1296	112	82000
8	1312	112	82000
8	1328	112	82000
8	1344	112	82000
8	1360	112	82000
8	1376	112	83000

8	2128	128	81000
8	2144	128	82000
8	2160	128	83000

# green
8	384	128	111000
8	400	128	112000
8	416	128	112000
8	432	128	112000
8	448	128	113000

8	496	144	111000
8	512	144	112000
8	528	144	112000
8	544	144	112000
8	560	144	112000
8	576	144	113000

8	1248	144	111000
8	1264	144	112000
8	1280	144	112000
8	1296	144	112000
8	1312	144	112000
8	1328	144	112000
8	1344	144	113000

8	2160	32	111000
8	2176	32	112000
8	2192	32	113000

# COIN
4	1056	80	
4	1088	48
4	1120	16
4	1152	-16
4	1184	-48
4	1456	-128
4	1472	-128
4	1520	-112
4	1536	-112
4	1552	-112
4	1568	-112
4	1600	-128
4	1616	-128
4	1632	-128
4	1648	-128
4	1680	-96
4	1712	-128
4	1744	-112
4	1792	-144
4	1824	-112
4	1312	-160
4	1328	-160
4	1344	-160

# QUESTION BRICK
7	160	112	1
7	176	112	1
7	208	64	1
7	224	64	5
7	400	80	1
7	640	144	5
7	688	112	1
7	1424	-112	3
7	1456	128	5

# GOOMBA
2	208	120
2	512	120
2	816	120
2	864	120

# RED KOOPA
16	560	120

# MARIO
# 0	24	160

0	452	158
